function y=hhfun(x, u) 
y = 33.04 * x(1)^6 - 105.5 * x(1)^5 + 126.9 * x(1)^4 - 70.3 * x(1)^3 + 17.57 * x(1)^2 - 0.9811 * x(1) + 3.388 - x(2) - x(3) - u(6) * u(8);
